"group"	"pre_se"	"post_se"	"standardized_residuals"	"studentized_residuals"	"cooks_distance"	"dfbeta.(Intercept)"	"dfbeta.groupB"	"dfbeta.groupC"	"dfbeta.groupD"	"dfbeta.pre_se"	"dffit"	"leverage"	"covariance_ratios"
"A"	-1.05	4	-0.01867397	-0.01865032	8.770582e-07	-2.223164e-04	 2.237673e-04	 2.252182e-04	 2.203818e-04	 4.836406e-05	-0.002091457	0.01241932	1.0254863
"A"	 0.95	5	 0.70290525	 0.70245440	1.161686e-03	 8.199377e-03	-8.154711e-03	-8.110045e-03	-8.258932e-03	 1.488871e-03	 0.076164159	0.01161955	1.0182687
"A"	 1.95	5	 0.63572363	 0.63524346	1.416093e-03	 7.361774e-03	-7.276249e-03	-7.190724e-03	-7.475808e-03	 2.850842e-03	 0.084081933	0.01721798	1.0252370
"A"	 0.95	5	 0.70290525	 0.70245440	1.161686e-03	 8.199377e-03	-8.154711e-03	-8.110045e-03	-8.258932e-03	 1.488871e-03	 0.076164159	0.01161955	1.0182687
"A"	-0.05	6	 1.63011228	 1.63355147	5.379056e-03	 1.919153e-02	-1.920303e-02	-1.921453e-02	-1.917620e-02	-3.833400e-04	 0.164343810	0.01001999	0.9890552
"A"	 0.95	3	-1.01617659	-1.01621865	2.427915e-03	-1.185368e-02	 1.178911e-02	 1.172454e-02	 1.193978e-02	-2.152432e-03	-0.110184290	0.01161955	1.0113375
"A"	-0.05	3	-0.94642644	-0.94630122	1.813196e-03	-1.114241e-02	 1.114908e-02	 1.115576e-02	 1.113350e-02	 2.225632e-04	-0.095202846	0.01001999	1.0114588
"A"	 0.95	6	 1.56244617	 1.56531172	5.739911e-03	 1.822591e-02	-1.812662e-02	-1.802733e-02	-1.835829e-02	 3.309522e-03	 0.169720129	0.01161955	0.9933862
"A"	-1.05	4	-0.01867397	-0.01865032	8.770582e-07	-2.223164e-04	 2.237673e-04	 2.252182e-04	 2.203818e-04	 4.836406e-05	-0.002091457	0.01241932	1.0254863
"A"	-1.05	4	-0.01867397	-0.01865032	8.770582e-07	-2.223164e-04	 2.237673e-04	 2.252182e-04	 2.203818e-04	 4.836406e-05	-0.002091457	0.01241932	1.0254863
"A"	-1.05	6	 1.70110382	 1.70520678	7.278082e-03	 2.025190e-02	-2.038407e-02	-2.051624e-02	-2.007567e-02	-4.405721e-03	 0.191222817	0.01241932	0.9884737
"A"	-2.05	4	 0.05050245	 0.05043865	9.782904e-06	 6.091611e-04	-6.166766e-04	-6.241921e-04	-5.991405e-04	-2.505167e-04	 0.006985055	0.01881753	1.0321447
"A"	-1.05	4	-0.01867397	-0.01865032	8.770582e-07	-2.223164e-04	 2.237673e-04	 2.252182e-04	 2.203818e-04	 4.836406e-05	-0.002091457	0.01241932	1.0254863
"A"	-0.05	5	 0.77126604	 0.77086980	1.204147e-03	 9.080219e-03	-9.085660e-03	-9.091101e-03	-9.072964e-03	-1.813722e-04	 0.077553528	0.01001999	1.0153256
"A"	 0.95	5	 0.70290525	 0.70245440	1.161686e-03	 8.199377e-03	-8.154711e-03	-8.110045e-03	-8.258932e-03	 1.488871e-03	 0.076164159	0.01161955	1.0182687
"A"	 2.95	6	 1.43555505	 1.43749153	1.135683e-02	 1.653547e-02	-1.623924e-02	-1.594302e-02	-1.693043e-02	 9.874156e-03	 0.238615647	0.02681529	1.0137954
"A"	-1.05	4	-0.01867397	-0.01865032	8.770582e-07	-2.223164e-04	 2.237673e-04	 2.252182e-04	 2.203818e-04	 4.836406e-05	-0.002091457	0.01241932	1.0254863
"A"	-0.05	2	-1.80527268	-1.81047033	6.597155e-03	-2.125372e-02	 2.126645e-02	 2.127919e-02	 2.123674e-02	 4.245310e-04	-0.182142771	0.01001999	0.9814938
"A"	-0.05	3	-0.94642644	-0.94630122	1.813196e-03	-1.114241e-02	 1.114908e-02	 1.115576e-02	 1.113350e-02	 2.225632e-04	-0.095202846	0.01001999	1.0114588
"A"	 0.95	3	-1.01617659	-1.01621865	2.427915e-03	-1.185368e-02	 1.178911e-02	 1.172454e-02	 1.193978e-02	-2.152432e-03	-0.110184290	0.01161955	1.0113375
"A"	-0.05	4	-0.08758020	-0.08747012	1.552683e-05	-1.031093e-03	 1.031711e-03	 1.032329e-03	 1.030270e-03	 2.059551e-05	-0.008799951	0.01001999	1.0229061
"A"	-0.05	4	-0.08758020	-0.08747012	1.552683e-05	-1.031093e-03	 1.031711e-03	 1.032329e-03	 1.030270e-03	 2.059551e-05	-0.008799951	0.01001999	1.0229061
"A"	-1.05	3	-0.87856286	-0.87830862	1.941337e-03	-1.045942e-02	 1.052769e-02	 1.059595e-02	 1.036841e-02	 2.275407e-03	-0.098494008	0.01241932	1.0155103
"A"	-0.05	3	-0.94642644	-0.94630122	1.813196e-03	-1.114241e-02	 1.114908e-02	 1.115576e-02	 1.113350e-02	 2.225632e-04	-0.095202846	0.01001999	1.0114588
"A"	 0.95	4	-0.15663567	-0.15644213	5.768679e-05	-1.827152e-03	 1.817199e-03	 1.807245e-03	 1.840423e-03	-3.317805e-04	-0.016962358	0.01161955	1.0243428
"A"	-1.05	4	-0.01867397	-0.01865032	8.770582e-07	-2.223164e-04	 2.237673e-04	 2.252182e-04	 2.203818e-04	 4.836406e-05	-0.002091457	0.01241932	1.0254863
"A"	-0.05	5	 0.77126604	 0.77086980	1.204147e-03	 9.080219e-03	-9.085660e-03	-9.091101e-03	-9.072964e-03	-1.813722e-04	 0.077553528	0.01001999	1.0153256
"A"	-1.05	4	-0.01867397	-0.01865032	8.770582e-07	-2.223164e-04	 2.237673e-04	 2.252182e-04	 2.203818e-04	 4.836406e-05	-0.002091457	0.01241932	1.0254863
"A"	-1.05	5	 0.84121493	 0.84090300	1.779792e-03	 1.001479e-02	-1.008015e-02	-1.014551e-02	-9.927644e-03	-2.178678e-03	 0.094299320	0.01241932	1.0163379
"A"	-1.05	3	-0.87856286	-0.87830862	1.941337e-03	-1.045942e-02	 1.052769e-02	 1.059595e-02	 1.036841e-02	 2.275407e-03	-0.098494008	0.01241932	1.0155103
"A"	-0.05	2	-1.80527268	-1.81047033	6.597155e-03	-2.125372e-02	 2.126645e-02	 2.127919e-02	 2.123674e-02	 4.245310e-04	-0.182142771	0.01001999	0.9814938
"A"	 0.95	2	-1.87571751	-1.88174088	8.272369e-03	-2.188021e-02	 2.176102e-02	 2.164183e-02	 2.203913e-02	-3.973083e-03	-0.204029204	0.01161955	0.9798328
"A"	 1.95	3	-1.08824765	-1.08850223	4.149640e-03	-1.260207e-02	 1.245567e-02	 1.230926e-02	 1.279728e-02	-4.880143e-03	-0.144076056	0.01721798	1.0151423
"A"	 0.95	5	 0.70290525	 0.70245440	1.161686e-03	 8.199377e-03	-8.154711e-03	-8.110045e-03	-8.258932e-03	 1.488871e-03	 0.076164159	0.01161955	1.0182687
"A"	 1.95	6	 1.49770926	 1.50007763	7.859773e-03	 1.734370e-02	-1.714221e-02	-1.694072e-02	-1.761235e-02	 6.716334e-03	 0.198552893	0.01721798	1.0015684
"A"	-2.05	4	 0.05050245	 0.05043865	9.782904e-06	 6.091611e-04	-6.166766e-04	-6.241921e-04	-5.991405e-04	-2.505167e-04	 0.006985055	0.01881753	1.0321447
"A"	 0.95	4	-0.15663567	-0.15644213	5.768679e-05	-1.827152e-03	 1.817199e-03	 1.807245e-03	 1.840423e-03	-3.317805e-04	-0.016962358	0.01161955	1.0243428
"A"	-1.05	4	-0.01867397	-0.01865032	8.770582e-07	-2.223164e-04	 2.237673e-04	 2.252182e-04	 2.203818e-04	 4.836406e-05	-0.002091457	0.01241932	1.0254863
"A"	-1.05	4	-0.01867397	-0.01865032	8.770582e-07	-2.223164e-04	 2.237673e-04	 2.252182e-04	 2.203818e-04	 4.836406e-05	-0.002091457	0.01241932	1.0254863
"A"	 0.95	2	-1.87571751	-1.88174088	8.272369e-03	-2.188021e-02	 2.176102e-02	 2.164183e-02	 2.203913e-02	-3.973083e-03	-0.204029204	0.01161955	0.9798328
"A"	 1.95	4	-0.22626201	-0.22599007	1.793817e-04	-2.620148e-03	 2.589708e-03	 2.559269e-03	 2.660734e-03	-1.014650e-03	-0.029912439	0.01721798	1.0298304
"A"	-3.05	4	 0.12037915	 0.12022888	8.721869e-05	 1.474063e-03	-1.500649e-03	-1.527235e-03	-1.438615e-03	-8.861988e-04	 0.020856783	0.02921462	1.0430412
"A"	-1.05	3	-0.87856286	-0.87830862	1.941337e-03	-1.045942e-02	 1.052769e-02	 1.059595e-02	 1.036841e-02	 2.275407e-03	-0.098494008	0.01241932	1.0155103
"A"	 0.95	3	-1.01617659	-1.01621865	2.427915e-03	-1.185368e-02	 1.178911e-02	 1.172454e-02	 1.193978e-02	-2.152432e-03	-0.110184290	0.01161955	1.0113375
"A"	 0.95	5	 0.70290525	 0.70245440	1.161686e-03	 8.199377e-03	-8.154711e-03	-8.110045e-03	-8.258932e-03	 1.488871e-03	 0.076164159	0.01161955	1.0182687
"A"	-0.05	5	 0.77126604	 0.77086980	1.204147e-03	 9.080219e-03	-9.085660e-03	-9.091101e-03	-9.072964e-03	-1.813722e-04	 0.077553528	0.01001999	1.0153256
"A"	-0.05	2	-1.80527268	-1.81047033	6.597155e-03	-2.125372e-02	 2.126645e-02	 2.127919e-02	 2.123674e-02	 4.245310e-04	-0.182142771	0.01001999	0.9814938
"A"	 0.95	5	 0.70290525	 0.70245440	1.161686e-03	 8.199377e-03	-8.154711e-03	-8.110045e-03	-8.258932e-03	 1.488871e-03	 0.076164159	0.01161955	1.0182687
"A"	 0.95	5	 0.70290525	 0.70245440	1.161686e-03	 8.199377e-03	-8.154711e-03	-8.110045e-03	-8.258932e-03	 1.488871e-03	 0.076164159	0.01161955	1.0182687
"A"	-0.05	5	 0.77126604	 0.77086980	1.204147e-03	 9.080219e-03	-9.085660e-03	-9.091101e-03	-9.072964e-03	-1.813722e-04	 0.077553528	0.01001999	1.0153256
"A"	-0.05	4	-0.08758020	-0.08747012	1.552683e-05	-1.031093e-03	 1.031711e-03	 1.032329e-03	 1.030270e-03	 2.059551e-05	-0.008799951	0.01001999	1.0229061
"A"	-0.05	5	 0.77126604	 0.77086980	1.204147e-03	 9.080219e-03	-9.085660e-03	-9.091101e-03	-9.072964e-03	-1.813722e-04	 0.077553528	0.01001999	1.0153256
"A"	 0.95	3	-1.01617659	-1.01621865	2.427915e-03	-1.185368e-02	 1.178911e-02	 1.172454e-02	 1.193978e-02	-2.152432e-03	-0.110184290	0.01161955	1.0113375
"A"	 0.95	4	-0.15663567	-0.15644213	5.768679e-05	-1.827152e-03	 1.817199e-03	 1.807245e-03	 1.840423e-03	-3.317805e-04	-0.016962358	0.01161955	1.0243428
"A"	-0.05	3	-0.94642644	-0.94630122	1.813196e-03	-1.114241e-02	 1.114908e-02	 1.115576e-02	 1.113350e-02	 2.225632e-04	-0.095202846	0.01001999	1.0114588
"A"	-0.05	5	 0.77126604	 0.77086980	1.204147e-03	 9.080219e-03	-9.085660e-03	-9.091101e-03	-9.072964e-03	-1.813722e-04	 0.077553528	0.01001999	1.0153256
"A"	-1.05	4	-0.01867397	-0.01865032	8.770582e-07	-2.223164e-04	 2.237673e-04	 2.252182e-04	 2.203818e-04	 4.836406e-05	-0.002091457	0.01241932	1.0254863
"A"	-0.05	3	-0.94642644	-0.94630122	1.813196e-03	-1.114241e-02	 1.114908e-02	 1.115576e-02	 1.113350e-02	 2.225632e-04	-0.095202846	0.01001999	1.0114588
"A"	-1.05	3	-0.87856286	-0.87830862	1.941337e-03	-1.045942e-02	 1.052769e-02	 1.059595e-02	 1.036841e-02	 2.275407e-03	-0.098494008	0.01241932	1.0155103
"A"	-0.05	4	-0.08758020	-0.08747012	1.552683e-05	-1.031093e-03	 1.031711e-03	 1.032329e-03	 1.030270e-03	 2.059551e-05	-0.008799951	0.01001999	1.0229061
"A"	 1.95	5	 0.63572363	 0.63524346	1.416093e-03	 7.361774e-03	-7.276249e-03	-7.190724e-03	-7.475808e-03	 2.850842e-03	 0.084081933	0.01721798	1.0252370
"A"	 0.95	3	-1.01617659	-1.01621865	2.427915e-03	-1.185368e-02	 1.178911e-02	 1.172454e-02	 1.193978e-02	-2.152432e-03	-0.110184290	0.01161955	1.0113375
"A"	-1.05	3	-0.87856286	-0.87830862	1.941337e-03	-1.045942e-02	 1.052769e-02	 1.059595e-02	 1.036841e-02	 2.275407e-03	-0.098494008	0.01241932	1.0155103
"A"	-0.05	4	-0.08758020	-0.08747012	1.552683e-05	-1.031093e-03	 1.031711e-03	 1.032329e-03	 1.030270e-03	 2.059551e-05	-0.008799951	0.01001999	1.0229061
"A"	-1.05	5	 0.84121493	 0.84090300	1.779792e-03	 1.001479e-02	-1.008015e-02	-1.014551e-02	-9.927644e-03	-2.178678e-03	 0.094299320	0.01241932	1.0163379
"A"	 0.95	3	-1.01617659	-1.01621865	2.427915e-03	-1.185368e-02	 1.178911e-02	 1.172454e-02	 1.193978e-02	-2.152432e-03	-0.110184290	0.01161955	1.0113375
"A"	-0.05	3	-0.94642644	-0.94630122	1.813196e-03	-1.114241e-02	 1.114908e-02	 1.115576e-02	 1.113350e-02	 2.225632e-04	-0.095202846	0.01001999	1.0114588
"A"	 0.95	4	-0.15663567	-0.15644213	5.768679e-05	-1.827152e-03	 1.817199e-03	 1.807245e-03	 1.840423e-03	-3.317805e-04	-0.016962358	0.01161955	1.0243428
"A"	-0.05	4	-0.08758020	-0.08747012	1.552683e-05	-1.031093e-03	 1.031711e-03	 1.032329e-03	 1.030270e-03	 2.059551e-05	-0.008799951	0.01001999	1.0229061
"A"	 0.95	5	 0.70290525	 0.70245440	1.161686e-03	 8.199377e-03	-8.154711e-03	-8.110045e-03	-8.258932e-03	 1.488871e-03	 0.076164159	0.01161955	1.0182687
"A"	-0.05	5	 0.77126604	 0.77086980	1.204147e-03	 9.080219e-03	-9.085660e-03	-9.091101e-03	-9.072964e-03	-1.813722e-04	 0.077553528	0.01001999	1.0153256
"A"	 0.95	4	-0.15663567	-0.15644213	5.768679e-05	-1.827152e-03	 1.817199e-03	 1.807245e-03	 1.840423e-03	-3.317805e-04	-0.016962358	0.01161955	1.0243428
"A"	-2.05	3	-0.81218552	-0.81183494	2.530191e-03	-9.796591e-03	 9.917456e-03	 1.003832e-02	 9.635437e-03	 4.028834e-03	-0.112427919	0.01881753	1.0235881
"A"	-0.05	4	-0.08758020	-0.08747012	1.552683e-05	-1.031093e-03	 1.031711e-03	 1.032329e-03	 1.030270e-03	 2.059551e-05	-0.008799951	0.01001999	1.0229061
"A"	-0.05	4	-0.08758020	-0.08747012	1.552683e-05	-1.031093e-03	 1.031711e-03	 1.032329e-03	 1.030270e-03	 2.059551e-05	-0.008799951	0.01001999	1.0229061
"A"	 1.95	4	-0.22626201	-0.22599007	1.793817e-04	-2.620148e-03	 2.589708e-03	 2.559269e-03	 2.660734e-03	-1.014650e-03	-0.029912439	0.01721798	1.0298304
"A"	-0.05	4	-0.08758020	-0.08747012	1.552683e-05	-1.031093e-03	 1.031711e-03	 1.032329e-03	 1.030270e-03	 2.059551e-05	-0.008799951	0.01001999	1.0229061
"A"	 1.95	7	 2.35969490	 2.37349454	1.951042e-02	 2.732562e-02	-2.700816e-02	-2.669071e-02	-2.774889e-02	 1.058183e-02	 0.314159880	0.01721798	0.9598845
"A"	-0.05	3	-0.94642644	-0.94630122	1.813196e-03	-1.114241e-02	 1.114908e-02	 1.115576e-02	 1.113350e-02	 2.225632e-04	-0.095202846	0.01001999	1.0114588
"A"	-1.05	3	-0.87856286	-0.87830862	1.941337e-03	-1.045942e-02	 1.052769e-02	 1.059595e-02	 1.036841e-02	 2.275407e-03	-0.098494008	0.01241932	1.0155103
"A"	 0.95	4	-0.15663567	-0.15644213	5.768679e-05	-1.827152e-03	 1.817199e-03	 1.807245e-03	 1.840423e-03	-3.317805e-04	-0.016962358	0.01161955	1.0243428
"A"	 0.95	6	 1.56244617	 1.56531172	5.739911e-03	 1.822591e-02	-1.812662e-02	-1.802733e-02	-1.835829e-02	 3.309522e-03	 0.169720129	0.01161955	0.9933862
"A"	 0.95	3	-1.01617659	-1.01621865	2.427915e-03	-1.185368e-02	 1.178911e-02	 1.172454e-02	 1.193978e-02	-2.152432e-03	-0.110184290	0.01161955	1.0113375
"A"	-0.05	2	-1.80527268	-1.81047033	6.597155e-03	-2.125372e-02	 2.126645e-02	 2.127919e-02	 2.123674e-02	 4.245310e-04	-0.182142771	0.01001999	0.9814938
"A"	-1.05	4	-0.01867397	-0.01865032	8.770582e-07	-2.223164e-04	 2.237673e-04	 2.252182e-04	 2.203818e-04	 4.836406e-05	-0.002091457	0.01241932	1.0254863
"A"	-0.05	3	-0.94642644	-0.94630122	1.813196e-03	-1.114241e-02	 1.114908e-02	 1.115576e-02	 1.113350e-02	 2.225632e-04	-0.095202846	0.01001999	1.0114588
"A"	-0.05	4	-0.08758020	-0.08747012	1.552683e-05	-1.031093e-03	 1.031711e-03	 1.032329e-03	 1.030270e-03	 2.059551e-05	-0.008799951	0.01001999	1.0229061
"A"	-1.05	3	-0.87856286	-0.87830862	1.941337e-03	-1.045942e-02	 1.052769e-02	 1.059595e-02	 1.036841e-02	 2.275407e-03	-0.098494008	0.01241932	1.0155103
"A"	-2.05	6	 1.77587839	 1.78075217	1.209677e-02	 2.142066e-02	-2.168494e-02	-2.194922e-02	-2.106830e-02	-8.809219e-03	 0.246609563	0.01881753	0.9916253
"A"	 2.95	6	 1.43555505	 1.43749153	1.135683e-02	 1.653547e-02	-1.623924e-02	-1.594302e-02	-1.693043e-02	 9.874156e-03	 0.238615647	0.02681529	1.0137954
"A"	-0.05	4	-0.08758020	-0.08747012	1.552683e-05	-1.031093e-03	 1.031711e-03	 1.032329e-03	 1.030270e-03	 2.059551e-05	-0.008799951	0.01001999	1.0229061
"A"	-0.05	6	 1.63011228	 1.63355147	5.379056e-03	 1.919153e-02	-1.920303e-02	-1.921453e-02	-1.917620e-02	-3.833400e-04	 0.164343810	0.01001999	0.9890552
"A"	-0.05	6	 1.63011228	 1.63355147	5.379056e-03	 1.919153e-02	-1.920303e-02	-1.921453e-02	-1.917620e-02	-3.833400e-04	 0.164343810	0.01001999	0.9890552
"A"	-1.05	4	-0.01867397	-0.01865032	8.770582e-07	-2.223164e-04	 2.237673e-04	 2.252182e-04	 2.203818e-04	 4.836406e-05	-0.002091457	0.01241932	1.0254863
"A"	-2.05	4	 0.05050245	 0.05043865	9.782904e-06	 6.091611e-04	-6.166766e-04	-6.241921e-04	-5.991405e-04	-2.505167e-04	 0.006985055	0.01881753	1.0321447
"A"	-1.05	7	 2.56099271	 2.57925181	1.649575e-02	 3.048901e-02	-3.068799e-02	-3.088697e-02	-3.022369e-02	-6.632764e-03	 0.289238704	0.01241932	0.9431340
"A"	-0.05	6	 1.63011228	 1.63355147	5.379056e-03	 1.919153e-02	-1.920303e-02	-1.921453e-02	-1.917620e-02	-3.833400e-04	 0.164343810	0.01001999	0.9890552
"A"	 1.95	4	-0.22626201	-0.22599007	1.793817e-04	-2.620148e-03	 2.589708e-03	 2.559269e-03	 2.660734e-03	-1.014650e-03	-0.029912439	0.01721798	1.0298304
"A"	-1.05	4	-0.01867397	-0.01865032	8.770582e-07	-2.223164e-04	 2.237673e-04	 2.252182e-04	 2.203818e-04	 4.836406e-05	-0.002091457	0.01241932	1.0254863
"A"	-0.05	4	-0.08758020	-0.08747012	1.552683e-05	-1.031093e-03	 1.031711e-03	 1.032329e-03	 1.030270e-03	 2.059551e-05	-0.008799951	0.01001999	1.0229061
"B"	-0.05	5	 0.80868620	 0.80833133	1.321265e-03	 1.901702e-06	 9.508128e-03	-4.183744e-06	-3.803403e-07	-3.803403e-05	 0.081243637	0.01000080	1.0145452
"B"	 0.95	4	-0.11919553	-0.11904669	3.428023e-05	 1.374801e-05	-1.425248e-03	-3.024562e-05	-2.749602e-06	-2.749602e-04	-0.013075679	0.01192026	1.0247886
"B"	-0.05	3	-0.90898963	-0.90878928	1.669351e-03	-2.137575e-06	-1.068745e-02	 4.702664e-06	 4.275149e-07	 4.275149e-05	-0.091340448	0.01000080	1.0123309
"B"	-2.05	5	 0.95046670	 0.95035019	3.341510e-03	 2.266822e-04	 1.086234e-02	-4.987008e-04	-4.533644e-05	-4.533644e-03	 0.129241845	0.01815852	1.0197437
"B"	-1.05	6	 1.73827885	 1.74275564	7.389618e-03	 2.086933e-04	 2.013195e-02	-4.591253e-04	-4.173867e-05	-4.173867e-03	 0.192713896	0.01208022	0.9865244
"B"	 0.95	4	-0.11919553	-0.11904669	3.428023e-05	 1.374801e-05	-1.425248e-03	-3.024562e-05	-2.749602e-06	-2.749602e-04	-0.013075679	0.01192026	1.0247886
"B"	-1.05	4	 0.01879625	 0.01877245	8.640232e-07	 2.256630e-06	 2.176895e-04	-4.964585e-06	-4.513259e-07	-4.513259e-05	 0.002075857	0.01208022	1.0251343
"B"	 1.95	2	-1.91327268	-1.91976558	1.329725e-02	 4.471986e-04	-2.330763e-02	-9.838369e-04	-8.943972e-05	-8.943972e-03	-0.258724298	0.01783861	0.9842464
"B"	-0.05	7	 2.52636203	 2.54379742	1.289499e-02	 5.940978e-06	 2.970370e-02	-1.307015e-05	-1.188196e-06	-1.188196e-04	 0.255671587	0.01000080	0.9429655
"B"	 0.95	3	-0.97886723	-0.97881529	2.311913e-03	 1.129025e-04	-1.170454e-02	-2.483856e-04	-2.258050e-05	-2.258050e-03	-0.107509701	0.01192026	1.0126013
"B"	 0.95	5	 0.74047618	 0.74005209	1.322958e-03	-8.540651e-05	 8.854040e-03	 1.878943e-04	 1.708130e-05	 1.708130e-03	 0.081284774	0.01192026	1.0178787
"B"	 0.95	4	-0.11919553	-0.11904669	3.428023e-05	 1.374801e-05	-1.425248e-03	-3.024562e-05	-2.749602e-06	-2.749602e-04	-0.013075679	0.01192026	1.0247886
"B"	-0.05	3	-0.90898963	-0.90878928	1.669351e-03	-2.137575e-06	-1.068745e-02	 4.702664e-06	 4.275149e-07	 4.275149e-05	-0.091340448	0.01000080	1.0123309
"B"	-0.05	4	-0.05015171	-0.05008835	5.081611e-06	-1.179365e-07	-5.896587e-04	 2.594602e-07	 2.358729e-08	 2.358729e-06	-0.005034272	0.01000080	1.0229530
"B"	-2.05	4	 0.08806830	 0.08795762	2.868852e-05	 2.100391e-05	 1.006482e-03	-4.620860e-05	-4.200781e-06	-4.200781e-04	 0.011961701	0.01815852	1.0313839
"B"	-0.05	2	-1.76782754	-1.77261470	6.314074e-03	-4.157213e-06	-2.078523e-02	 9.145868e-06	 8.314426e-07	 8.314426e-05	-0.178161676	0.01000080	0.9831520
"B"	-1.05	4	 0.01879625	 0.01877245	8.640232e-07	 2.256630e-06	 2.176895e-04	-4.964585e-06	-4.513259e-07	-4.513259e-05	 0.002075857	0.01208022	1.0251343
"B"	-1.05	2	-1.70068635	-1.70478522	7.073454e-03	-2.041801e-04	-1.969657e-02	 4.491961e-04	 4.083601e-05	 4.083601e-03	-0.188515128	0.01208022	0.9881523
"B"	-2.05	4	 0.08806830	 0.08795762	2.868852e-05	 2.100391e-05	 1.006482e-03	-4.620860e-05	-4.200781e-06	-4.200781e-04	 0.011961701	0.01815852	1.0313839
"B"	 0.95	2	-1.83853894	-1.84411770	8.155855e-03	 2.120570e-04	-2.198382e-02	-4.665255e-04	-4.241141e-05	-4.241141e-03	-0.202551539	0.01192026	0.9818609
"B"	 0.95	5	 0.74047618	 0.74005209	1.322958e-03	-8.540651e-05	 8.854040e-03	 1.878943e-04	 1.708130e-05	 1.708130e-03	 0.081284774	0.01192026	1.0178787
"B"	-0.05	5	 0.80868620	 0.80833133	1.321265e-03	 1.901702e-06	 9.508128e-03	-4.183744e-06	-3.803403e-07	-3.803403e-05	 0.081243637	0.01000080	1.0145452
"B"	-0.05	4	-0.05015171	-0.05008835	5.081611e-06	-1.179365e-07	-5.896587e-04	 2.594602e-07	 2.358729e-08	 2.358729e-06	-0.005034272	0.01000080	1.0229530
"B"	-0.05	7	 2.52636203	 2.54379742	1.289499e-02	 5.940978e-06	 2.970370e-02	-1.307015e-05	-1.188196e-06	-1.188196e-04	 0.255671587	0.01000080	0.9429655
"B"	-0.05	5	 0.80868620	 0.80833133	1.321265e-03	 1.901702e-06	 9.508128e-03	-4.183744e-06	-3.803403e-07	-3.803403e-05	 0.081243637	0.01000080	1.0145452
"B"	-0.05	4	-0.05015171	-0.05008835	5.081611e-06	-1.179365e-07	-5.896587e-04	 2.594602e-07	 2.358729e-08	 2.358729e-06	-0.005034272	0.01000080	1.0229530
"B"	 0.95	4	-0.11919553	-0.11904669	3.428023e-05	 1.374801e-05	-1.425248e-03	-3.024562e-05	-2.749602e-06	-2.749602e-04	-0.013075679	0.01192026	1.0247886
"B"	-0.05	3	-0.90898963	-0.90878928	1.669351e-03	-2.137575e-06	-1.068745e-02	 4.702664e-06	 4.275149e-07	 4.275149e-05	-0.091340448	0.01000080	1.0123309
"B"	-1.05	3	-0.84094505	-0.84063274	1.729491e-03	-1.009617e-04	-9.739440e-03	 2.221158e-04	 2.019234e-05	 2.019234e-03	-0.092957158	0.01208022	1.0159948
"B"	-0.05	5	 0.80868620	 0.80833133	1.321265e-03	 1.901702e-06	 9.508128e-03	-4.183744e-06	-3.803403e-07	-3.803403e-05	 0.081243637	0.01000080	1.0145452
"B"	 0.95	5	 0.74047618	 0.74005209	1.322958e-03	-8.540651e-05	 8.854040e-03	 1.878943e-04	 1.708130e-05	 1.708130e-03	 0.081284774	0.01192026	1.0178787
"B"	-2.05	2	-1.63672850	-1.64022683	9.908827e-03	-3.903526e-04	-1.870523e-02	 8.587758e-04	 7.807053e-05	 7.807053e-03	-0.223060871	0.01815852	0.9969789
"B"	-1.05	3	-0.84094505	-0.84063274	1.729491e-03	-1.009617e-04	-9.739440e-03	 2.221158e-04	 2.019234e-05	 2.019234e-03	-0.092957158	0.01208022	1.0159948
"B"	 0.95	3	-0.97886723	-0.97881529	2.311913e-03	 1.129025e-04	-1.170454e-02	-2.483856e-04	-2.258050e-05	-2.258050e-03	-0.107509701	0.01192026	1.0126013
"B"	 0.95	5	 0.74047618	 0.74005209	1.322958e-03	-8.540651e-05	 8.854040e-03	 1.878943e-04	 1.708130e-05	 1.708130e-03	 0.081284774	0.01192026	1.0178787
"B"	 0.95	2	-1.83853894	-1.84411770	8.155855e-03	 2.120570e-04	-2.198382e-02	-4.665255e-04	-4.241141e-05	-4.241141e-03	-0.202551539	0.01192026	0.9818609
"B"	 0.95	2	-1.83853894	-1.84411770	8.155855e-03	 2.120570e-04	-2.198382e-02	-4.665255e-04	-4.241141e-05	-4.241141e-03	-0.202551539	0.01192026	0.9818609
"B"	-0.05	4	-0.05015171	-0.05008835	5.081611e-06	-1.179365e-07	-5.896587e-04	 2.594602e-07	 2.358729e-08	 2.358729e-06	-0.005034272	0.01000080	1.0229530
"B"	-1.05	4	 0.01879625	 0.01877245	8.640232e-07	 2.256630e-06	 2.176895e-04	-4.964585e-06	-4.513259e-07	-4.513259e-05	 0.002075857	0.01208022	1.0251343
"B"	 0.95	5	 0.74047618	 0.74005209	1.322958e-03	-8.540651e-05	 8.854040e-03	 1.878943e-04	 1.708130e-05	 1.708130e-03	 0.081284774	0.01192026	1.0178787
"B"	-0.05	7	 2.52636203	 2.54379742	1.289499e-02	 5.940978e-06	 2.970370e-02	-1.307015e-05	-1.188196e-06	-1.188196e-04	 0.255671587	0.01000080	0.9429655
"B"	-0.05	5	 0.80868620	 0.80833133	1.321265e-03	 1.901702e-06	 9.508128e-03	-4.183744e-06	-3.803403e-07	-3.803403e-05	 0.081243637	0.01000080	1.0145452
"B"	-0.05	4	-0.05015171	-0.05008835	5.081611e-06	-1.179365e-07	-5.896587e-04	 2.594602e-07	 2.358729e-08	 2.358729e-06	-0.005034272	0.01000080	1.0229530
"B"	-1.05	5	 0.87853755	 0.87828327	1.887573e-03	 1.054750e-04	 1.017482e-02	-2.320450e-04	-2.109500e-05	-2.109500e-03	 0.097120553	0.01208022	1.0151623
"B"	 2.95	5	 0.60737265	 0.60688680	2.106296e-03	-2.147502e-04	 7.552001e-03	 4.724505e-04	 4.295004e-05	 4.295004e-03	 0.102540897	0.02775583	1.0368121
"B"	-0.05	4	-0.05015171	-0.05008835	5.081611e-06	-1.179365e-07	-5.896587e-04	 2.594602e-07	 2.358729e-08	 2.358729e-06	-0.005034272	0.01000080	1.0229530
"B"	 0.95	3	-0.97886723	-0.97881529	2.311913e-03	 1.129025e-04	-1.170454e-02	-2.483856e-04	-2.258050e-05	-2.258050e-03	-0.107509701	0.01192026	1.0126013
"B"	-0.05	4	-0.05015171	-0.05008835	5.081611e-06	-1.179365e-07	-5.896587e-04	 2.594602e-07	 2.358729e-08	 2.358729e-06	-0.005034272	0.01000080	1.0229530
"B"	-1.05	2	-1.70068635	-1.70478522	7.073454e-03	-2.041801e-04	-1.969657e-02	 4.491961e-04	 4.083601e-05	 4.083601e-03	-0.188515128	0.01208022	0.9881523
"B"	 0.95	5	 0.74047618	 0.74005209	1.322958e-03	-8.540651e-05	 8.854040e-03	 1.878943e-04	 1.708130e-05	 1.708130e-03	 0.081284774	0.01192026	1.0178787
"B"	-1.05	4	 0.01879625	 0.01877245	8.640232e-07	 2.256630e-06	 2.176895e-04	-4.964585e-06	-4.513259e-07	-4.513259e-05	 0.002075857	0.01208022	1.0251343
"B"	-1.05	5	 0.87853755	 0.87828327	1.887573e-03	 1.054750e-04	 1.017482e-02	-2.320450e-04	-2.109500e-05	-2.109500e-03	 0.097120553	0.01208022	1.0151623
"B"	-0.05	3	-0.90898963	-0.90878928	1.669351e-03	-2.137575e-06	-1.068745e-02	 4.702664e-06	 4.275149e-07	 4.275149e-05	-0.091340448	0.01000080	1.0123309
"B"	 0.95	5	 0.74047618	 0.74005209	1.322958e-03	-8.540651e-05	 8.854040e-03	 1.878943e-04	 1.708130e-05	 1.708130e-03	 0.081284774	0.01192026	1.0178787
"B"	-1.05	5	 0.87853755	 0.87828327	1.887573e-03	 1.054750e-04	 1.017482e-02	-2.320450e-04	-2.109500e-05	-2.109500e-03	 0.097120553	0.01208022	1.0151623
"B"	-0.05	5	 0.80868620	 0.80833133	1.321265e-03	 1.901702e-06	 9.508128e-03	-4.183744e-06	-3.803403e-07	-3.803403e-05	 0.081243637	0.01000080	1.0145452
"B"	 0.95	6	 1.60014789	 1.60332610	6.177945e-03	-1.845610e-04	 1.913333e-02	 4.060342e-04	 3.691220e-05	 3.691220e-03	 0.176103818	0.01192026	0.9921803
"B"	-0.05	3	-0.90898963	-0.90878928	1.669351e-03	-2.137575e-06	-1.068745e-02	 4.702664e-06	 4.275149e-07	 4.275149e-05	-0.091340448	0.01000080	1.0123309
"B"	-1.05	4	 0.01879625	 0.01877245	8.640232e-07	 2.256630e-06	 2.176895e-04	-4.964585e-06	-4.513259e-07	-4.513259e-05	 0.002075857	0.01208022	1.0251343
"B"	-0.05	5	 0.80868620	 0.80833133	1.321265e-03	 1.901702e-06	 9.508128e-03	-4.183744e-06	-3.803403e-07	-3.803403e-05	 0.081243637	0.01000080	1.0145452
"B"	 2.95	4	-0.25927179	-0.25896543	3.838127e-04	 9.167135e-05	-3.223755e-03	-2.016770e-04	-1.833427e-05	-1.833427e-03	-0.043755355	0.02775583	1.0407812
"B"	-0.05	7	 2.52636203	 2.54379742	1.289499e-02	 5.940978e-06	 2.970370e-02	-1.307015e-05	-1.188196e-06	-1.188196e-04	 0.255671587	0.01000080	0.9429655
"B"	-1.05	6	 1.73827885	 1.74275564	7.389618e-03	 2.086933e-04	 2.013195e-02	-4.591253e-04	-4.173867e-05	-4.173867e-03	 0.192713896	0.01208022	0.9865244
"B"	-0.05	3	-0.90898963	-0.90878928	1.669351e-03	-2.137575e-06	-1.068745e-02	 4.702664e-06	 4.275149e-07	 4.275149e-05	-0.091340448	0.01000080	1.0123309
"B"	-1.05	3	-0.84094505	-0.84063274	1.729491e-03	-1.009617e-04	-9.739440e-03	 2.221158e-04	 2.019234e-05	 2.019234e-03	-0.092957158	0.01208022	1.0159948
"B"	-1.05	2	-1.70068635	-1.70478522	7.073454e-03	-2.041801e-04	-1.969657e-02	 4.491961e-04	 4.083601e-05	 4.083601e-03	-0.188515128	0.01208022	0.9881523
"B"	-0.05	2	-1.76782754	-1.77261470	6.314074e-03	-4.157213e-06	-2.078523e-02	 9.145868e-06	 8.314426e-07	 8.314426e-05	-0.178161676	0.01000080	0.9831520
"B"	 0.95	3	-0.97886723	-0.97881529	2.311913e-03	 1.129025e-04	-1.170454e-02	-2.483856e-04	-2.258050e-05	-2.258050e-03	-0.107509701	0.01192026	1.0126013
"B"	-2.05	4	 0.08806830	 0.08795762	2.868852e-05	 2.100391e-05	 1.006482e-03	-4.620860e-05	-4.200781e-06	-4.200781e-04	 0.011961701	0.01815852	1.0313839
"B"	-0.05	4	-0.05015171	-0.05008835	5.081611e-06	-1.179365e-07	-5.896587e-04	 2.594602e-07	 2.358729e-08	 2.358729e-06	-0.005034272	0.01000080	1.0229530
"B"	 1.95	4	-0.18875680	-0.18852622	1.294235e-04	 4.411905e-05	-2.299449e-03	-9.706191e-05	-8.823810e-06	-8.823810e-04	-0.025407433	0.01783861	1.0306842
"B"	-2.05	4	 0.08806830	 0.08795762	2.868852e-05	 2.100391e-05	 1.006482e-03	-4.620860e-05	-4.200781e-06	-4.200781e-04	 0.011961701	0.01815852	1.0313839
"B"	-1.05	4	 0.01879625	 0.01877245	8.640232e-07	 2.256630e-06	 2.176895e-04	-4.964585e-06	-4.513259e-07	-4.513259e-05	 0.002075857	0.01208022	1.0251343
"B"	-0.05	3	-0.90898963	-0.90878928	1.669351e-03	-2.137575e-06	-1.068745e-02	 4.702664e-06	 4.275149e-07	 4.275149e-05	-0.091340448	0.01000080	1.0123309
"B"	-1.05	4	 0.01879625	 0.01877245	8.640232e-07	 2.256630e-06	 2.176895e-04	-4.964585e-06	-4.513259e-07	-4.513259e-05	 0.002075857	0.01208022	1.0251343
"B"	-0.05	5	 0.80868620	 0.80833133	1.321265e-03	 1.901702e-06	 9.508128e-03	-4.183744e-06	-3.803403e-07	-3.803403e-05	 0.081243637	0.01000080	1.0145452
"B"	-0.05	4	-0.05015171	-0.05008835	5.081611e-06	-1.179365e-07	-5.896587e-04	 2.594602e-07	 2.358729e-08	 2.358729e-06	-0.005034272	0.01000080	1.0229530
"B"	-1.05	6	 1.73827885	 1.74275564	7.389618e-03	 2.086933e-04	 2.013195e-02	-4.591253e-04	-4.173867e-05	-4.173867e-03	 0.192713896	0.01208022	0.9865244
"B"	-1.05	6	 1.73827885	 1.74275564	7.389618e-03	 2.086933e-04	 2.013195e-02	-4.591253e-04	-4.173867e-05	-4.173867e-03	 0.192713896	0.01208022	0.9865244
"B"	-0.05	4	-0.05015171	-0.05008835	5.081611e-06	-1.179365e-07	-5.896587e-04	 2.594602e-07	 2.358729e-08	 2.358729e-06	-0.005034272	0.01000080	1.0229530
"B"	 1.95	4	-0.18875680	-0.18852622	1.294235e-04	 4.411905e-05	-2.299449e-03	-9.706191e-05	-8.823810e-06	-8.823810e-04	-0.025407433	0.01783861	1.0306842
"B"	-0.05	4	-0.05015171	-0.05008835	5.081611e-06	-1.179365e-07	-5.896587e-04	 2.594602e-07	 2.358729e-08	 2.358729e-06	-0.005034272	0.01000080	1.0229530
"B"	-0.05	3	-0.90898963	-0.90878928	1.669351e-03	-2.137575e-06	-1.068745e-02	 4.702664e-06	 4.275149e-07	 4.275149e-05	-0.091340448	0.01000080	1.0123309
"B"	-0.05	5	 0.80868620	 0.80833133	1.321265e-03	 1.901702e-06	 9.508128e-03	-4.183744e-06	-3.803403e-07	-3.803403e-05	 0.081243637	0.01000080	1.0145452
"B"	 1.95	4	-0.18875680	-0.18852622	1.294235e-04	 4.411905e-05	-2.299449e-03	-9.706191e-05	-8.823810e-06	-8.823810e-04	-0.025407433	0.01783861	1.0306842
"B"	 0.95	4	-0.11919553	-0.11904669	3.428023e-05	 1.374801e-05	-1.425248e-03	-3.024562e-05	-2.749602e-06	-2.749602e-04	-0.013075679	0.01192026	1.0247886
"B"	 0.95	5	 0.74047618	 0.74005209	1.322958e-03	-8.540651e-05	 8.854040e-03	 1.878943e-04	 1.708130e-05	 1.708130e-03	 0.081284774	0.01192026	1.0178787
"B"	 0.95	5	 0.74047618	 0.74005209	1.322958e-03	-8.540651e-05	 8.854040e-03	 1.878943e-04	 1.708130e-05	 1.708130e-03	 0.081284774	0.01192026	1.0178787
"B"	-0.05	5	 0.80868620	 0.80833133	1.321265e-03	 1.901702e-06	 9.508128e-03	-4.183744e-06	-3.803403e-07	-3.803403e-05	 0.081243637	0.01000080	1.0145452
"B"	-0.05	3	-0.90898963	-0.90878928	1.669351e-03	-2.137575e-06	-1.068745e-02	 4.702664e-06	 4.275149e-07	 4.275149e-05	-0.091340448	0.01000080	1.0123309
"B"	-1.05	3	-0.84094505	-0.84063274	1.729491e-03	-1.009617e-04	-9.739440e-03	 2.221158e-04	 2.019234e-05	 2.019234e-03	-0.092957158	0.01208022	1.0159948
"B"	-1.05	4	 0.01879625	 0.01877245	8.640232e-07	 2.256630e-06	 2.176895e-04	-4.964585e-06	-4.513259e-07	-4.513259e-05	 0.002075857	0.01208022	1.0251343
"B"	 0.95	3	-0.97886723	-0.97881529	2.311913e-03	 1.129025e-04	-1.170454e-02	-2.483856e-04	-2.258050e-05	-2.258050e-03	-0.107509701	0.01192026	1.0126013
"B"	-1.05	2	-1.70068635	-1.70478522	7.073454e-03	-2.041801e-04	-1.969657e-02	 4.491961e-04	 4.083601e-05	 4.083601e-03	-0.188515128	0.01208022	0.9881523
"B"	-1.05	6	 1.73827885	 1.74275564	7.389618e-03	 2.086933e-04	 2.013195e-02	-4.591253e-04	-4.173867e-05	-4.173867e-03	 0.192713896	0.01208022	0.9865244
"B"	-0.05	4	-0.05015171	-0.05008835	5.081611e-06	-1.179365e-07	-5.896587e-04	 2.594602e-07	 2.358729e-08	 2.358729e-06	-0.005034272	0.01000080	1.0229530
"B"	-1.05	3	-0.84094505	-0.84063274	1.729491e-03	-1.009617e-04	-9.739440e-03	 2.221158e-04	 2.019234e-05	 2.019234e-03	-0.092957158	0.01208022	1.0159948
"B"	 1.95	4	-0.18875680	-0.18852622	1.294235e-04	 4.411905e-05	-2.299449e-03	-9.706191e-05	-8.823810e-06	-8.823810e-04	-0.025407433	0.01783861	1.0306842
"B"	-0.05	4	-0.05015171	-0.05008835	5.081611e-06	-1.179365e-07	-5.896587e-04	 2.594602e-07	 2.358729e-08	 2.358729e-06	-0.005034272	0.01000080	1.0229530
"B"	-0.05	3	-0.90898963	-0.90878928	1.669351e-03	-2.137575e-06	-1.068745e-02	 4.702664e-06	 4.275149e-07	 4.275149e-05	-0.091340448	0.01000080	1.0123309
"C"	-1.05	3	-0.77418853	-0.77379522	1.451000e-03	-9.020786e-05	 1.443326e-04	-8.915999e-03	 1.804157e-05	 1.804157e-03	-0.085133005	0.01195965	1.0172606
"C"	-0.05	3	-0.84235018	-0.84203988	1.433471e-03	 9.904326e-07	-1.584692e-06	-9.909278e-03	-1.980865e-07	-1.980865e-05	-0.084629046	0.01000020	1.0138298
"C"	-1.05	3	-0.77418853	-0.77379522	1.451000e-03	-9.020786e-05	 1.443326e-04	-8.915999e-03	 1.804157e-05	 1.804157e-03	-0.085133005	0.01195965	1.0172606
"C"	 0.95	5	 0.80722883	 0.80687218	1.588170e-03	-9.596173e-05	 1.535388e-04	 9.714937e-03	 1.919235e-05	 1.919235e-03	 0.089072067	0.01203963	1.0166692
"C"	 0.95	3	-0.91221845	-0.91202420	2.028156e-03	 1.084427e-04	-1.735083e-04	-1.097848e-02	-2.168854e-05	-2.168854e-03	-0.100679987	0.01203963	1.0143443
"C"	-1.05	4	 0.08550031	 0.08539281	1.769739e-05	 9.962431e-06	-1.593989e-05	 9.846706e-04	-1.992486e-06	-1.992486e-04	 0.009394923	0.01195965	1.0249189
"C"	-1.05	4	 0.08550031	 0.08539281	1.769739e-05	 9.962431e-06	-1.593989e-05	 9.846706e-04	-1.992486e-06	-1.992486e-04	 0.009394923	0.01195965	1.0249189
"C"	-0.05	4	 0.01648747	 0.01646659	5.491762e-07	-1.938591e-08	 3.101746e-08	 1.939561e-04	 3.877183e-09	 3.877183e-07	 0.001654972	0.01000020	1.0229815
"C"	-0.05	5	 0.87532513	 0.87506553	1.547898e-03	-1.029204e-06	 1.646727e-06	 1.029719e-02	 2.058409e-07	 2.058409e-05	 0.087948283	0.01000020	1.0131018
"C"	-0.05	7	 2.59300044	 2.61204246	1.358341e-02	-3.048841e-06	 4.878146e-06	 3.050366e-02	 6.097683e-07	 6.097683e-05	 0.262522796	0.01000020	0.9388333
"C"	-0.05	3	-0.84235018	-0.84203988	1.433471e-03	 9.904326e-07	-1.584692e-06	-9.909278e-03	-1.980865e-07	-1.980865e-05	-0.084629046	0.01000020	1.0138298
"C"	 1.95	4	-0.12186710	-0.12171503	5.468583e-05	 2.891970e-05	-4.627152e-05	-1.502817e-03	-5.783940e-06	-5.783940e-04	-0.016515059	0.01807794	1.0312066
"C"	 0.95	4	-0.05249481	-0.05242851	6.716397e-06	 6.240477e-06	-9.984763e-06	-6.317711e-04	-1.248095e-06	-1.248095e-04	-0.005787677	0.01203963	1.0250610
"C"	-1.05	2	-1.63387737	-1.63735015	6.462681e-03	-1.903781e-04	 3.046050e-04	-1.881667e-02	 3.807563e-05	 3.807563e-03	-0.180141379	0.01195965	0.9908417
"C"	-0.05	4	 0.01648747	 0.01646659	5.491762e-07	-1.938591e-08	 3.101746e-08	 1.939561e-04	 3.877183e-09	 3.877183e-07	 0.001654972	0.01000020	1.0229815
"C"	-0.05	4	 0.01648747	 0.01646659	5.491762e-07	-1.938591e-08	 3.101746e-08	 1.939561e-04	 3.877183e-09	 3.877183e-07	 0.001654972	0.01000020	1.0229815
"C"	 2.95	5	 0.67474225	 0.67427630	2.634093e-03	-2.410165e-04	 3.856264e-04	 8.539671e-03	 4.820330e-05	 4.820330e-03	 0.114683389	0.02811513	1.0360609
"C"	-1.05	3	-0.77418853	-0.77379522	1.451000e-03	-9.020786e-05	 1.443326e-04	-8.915999e-03	 1.804157e-05	 1.804157e-03	-0.085133005	0.01195965	1.0172606
"C"	 0.95	6	 1.66695246	 1.67072802	6.772515e-03	-1.981639e-04	 3.170623e-04	 2.006165e-02	 3.963279e-05	 3.963279e-03	 0.184434662	0.01203963	0.9895439
"C"	-1.05	4	 0.08550031	 0.08539281	1.769739e-05	 9.962431e-06	-1.593989e-05	 9.846706e-04	-1.992486e-06	-1.992486e-04	 0.009394923	0.01195965	1.0249189
"C"	 0.95	5	 0.80722883	 0.80687218	1.588170e-03	-9.596173e-05	 1.535388e-04	 9.714937e-03	 1.919235e-05	 1.919235e-03	 0.089072067	0.01203963	1.0166692
"C"	 0.95	5	 0.80722883	 0.80687218	1.588170e-03	-9.596173e-05	 1.535388e-04	 9.714937e-03	 1.919235e-05	 1.919235e-03	 0.089072067	0.01203963	1.0166692
"C"	-1.05	4	 0.08550031	 0.08539281	1.769739e-05	 9.962431e-06	-1.593989e-05	 9.846706e-04	-1.992486e-06	-1.992486e-04	 0.009394923	0.01195965	1.0249189
"C"	-0.05	2	-1.70118784	-1.70529162	5.846664e-03	 2.000251e-06	-3.200402e-06	-2.001251e-02	-4.000502e-07	-4.000502e-05	-0.171389987	0.01000020	0.9860547
"C"	-0.05	4	 0.01648747	 0.01646659	5.491762e-07	-1.938591e-08	 3.101746e-08	 1.939561e-04	 3.877183e-09	 3.877183e-07	 0.001654972	0.01000020	1.0229815
"C"	-0.05	5	 0.87532513	 0.87506553	1.547898e-03	-1.029204e-06	 1.646727e-06	 1.029719e-02	 2.058409e-07	 2.058409e-05	 0.087948283	0.01000020	1.0131018
"C"	 1.95	4	-0.12186710	-0.12171503	5.468583e-05	 2.891970e-05	-4.627152e-05	-1.502817e-03	-5.783940e-06	-5.783940e-04	-0.016515059	0.01807794	1.0312066
"C"	-0.05	4	 0.01648747	 0.01646659	5.491762e-07	-1.938591e-08	 3.101746e-08	 1.939561e-04	 3.877183e-09	 3.877183e-07	 0.001654972	0.01000020	1.0229815
"C"	-0.05	4	 0.01648747	 0.01646659	5.491762e-07	-1.938591e-08	 3.101746e-08	 1.939561e-04	 3.877183e-09	 3.877183e-07	 0.001654972	0.01000020	1.0229815
"C"	-0.05	4	 0.01648747	 0.01646659	5.491762e-07	-1.938591e-08	 3.101746e-08	 1.939561e-04	 3.877183e-09	 3.877183e-07	 0.001654972	0.01000020	1.0229815
"C"	-0.05	4	 0.01648747	 0.01646659	5.491762e-07	-1.938591e-08	 3.101746e-08	 1.939561e-04	 3.877183e-09	 3.877183e-07	 0.001654972	0.01000020	1.0229815
"C"	-1.05	3	-0.77418853	-0.77379522	1.451000e-03	-9.020786e-05	 1.443326e-04	-8.915999e-03	 1.804157e-05	 1.804157e-03	-0.085133005	0.01195965	1.0172606
"C"	-0.05	4	 0.01648747	 0.01646659	5.491762e-07	-1.938591e-08	 3.101746e-08	 1.939561e-04	 3.877183e-09	 3.877183e-07	 0.001654972	0.01000020	1.0229815
"C"	 0.95	3	-0.91221845	-0.91202420	2.028156e-03	 1.084427e-04	-1.735083e-04	-1.097848e-02	-2.168854e-05	-2.168854e-03	-0.100679987	0.01203963	1.0143443
"C"	-1.05	4	 0.08550031	 0.08539281	1.769739e-05	 9.962431e-06	-1.593989e-05	 9.846706e-04	-1.992486e-06	-1.992486e-04	 0.009394923	0.01195965	1.0249189
"C"	-0.05	4	 0.01648747	 0.01646659	5.491762e-07	-1.938591e-08	 3.101746e-08	 1.939561e-04	 3.877183e-09	 3.877183e-07	 0.001654972	0.01000020	1.0229815
"C"	-0.05	5	 0.87532513	 0.87506553	1.547898e-03	-1.029204e-06	 1.646727e-06	 1.029719e-02	 2.058409e-07	 2.058409e-05	 0.087948283	0.01000020	1.0131018
"C"	-0.05	3	-0.84235018	-0.84203988	1.433471e-03	 9.904326e-07	-1.584692e-06	-9.909278e-03	-1.980865e-07	-1.980865e-05	-0.084629046	0.01000020	1.0138298
"C"	-1.05	6	 1.80487800	 1.81007122	7.886232e-03	 2.103030e-04	-3.364848e-04	 2.078601e-02	-4.206060e-05	-4.206060e-03	 0.199144163	0.01195965	0.9834385
"C"	-1.05	4	 0.08550031	 0.08539281	1.769739e-05	 9.962431e-06	-1.593989e-05	 9.846706e-04	-1.992486e-06	-1.992486e-04	 0.009394923	0.01195965	1.0249189
"C"	-1.05	6	 1.80487800	 1.81007122	7.886232e-03	 2.103030e-04	-3.364848e-04	 2.078601e-02	-4.206060e-05	-4.206060e-03	 0.199144163	0.01195965	0.9834385
"C"	-1.05	3	-0.77418853	-0.77379522	1.451000e-03	-9.020786e-05	 1.443326e-04	-8.915999e-03	 1.804157e-05	 1.804157e-03	-0.085133005	0.01195965	1.0172606
"C"	-0.05	3	-0.84235018	-0.84203988	1.433471e-03	 9.904326e-07	-1.584692e-06	-9.909278e-03	-1.980865e-07	-1.980865e-05	-0.084629046	0.01000020	1.0138298
"C"	 1.95	5	 0.74049592	 0.74007184	2.019051e-03	-1.757236e-04	 2.811577e-04	 9.131506e-03	 3.514471e-05	 3.514471e-03	 0.100417596	0.01807794	1.0242615
"C"	-0.05	3	-0.84235018	-0.84203988	1.433471e-03	 9.904326e-07	-1.584692e-06	-9.909278e-03	-1.980865e-07	-1.980865e-05	-0.084629046	0.01000020	1.0138298
"C"	-0.05	4	 0.01648747	 0.01646659	5.491762e-07	-1.938591e-08	 3.101746e-08	 1.939561e-04	 3.877183e-09	 3.877183e-07	 0.001654972	0.01000020	1.0229815
"C"	-1.05	4	 0.08550031	 0.08539281	1.769739e-05	 9.962431e-06	-1.593989e-05	 9.846706e-04	-1.992486e-06	-1.992486e-04	 0.009394923	0.01195965	1.0249189
"C"	-0.05	4	 0.01648747	 0.01646659	5.491762e-07	-1.938591e-08	 3.101746e-08	 1.939561e-04	 3.877183e-09	 3.877183e-07	 0.001654972	0.01000020	1.0229815
"C"	 0.95	4	-0.05249481	-0.05242851	6.716397e-06	 6.240477e-06	-9.984763e-06	-6.317711e-04	-1.248095e-06	-1.248095e-04	-0.005787677	0.01203963	1.0250610
"C"	-0.05	3	-0.84235018	-0.84203988	1.433471e-03	 9.904326e-07	-1.584692e-06	-9.909278e-03	-1.980865e-07	-1.980865e-05	-0.084629046	0.01000020	1.0138298
"C"	 2.95	3	-1.05886700	-1.05902990	6.486913e-03	 3.782250e-04	-6.051601e-04	-1.340123e-02	-7.564501e-05	-7.564501e-03	-0.180123692	0.02811513	1.0273469
"C"	-1.05	5	 0.94518916	 0.94506130	2.162775e-03	 1.101327e-04	-1.762124e-04	 1.088534e-02	-2.202654e-05	-2.202654e-03	 0.103975710	0.01195965	1.0134745
"C"	-0.05	3	-0.84235018	-0.84203988	1.433471e-03	 9.904326e-07	-1.584692e-06	-9.909278e-03	-1.980865e-07	-1.980865e-05	-0.084629046	0.01000020	1.0138298
"C"	-0.05	4	 0.01648747	 0.01646659	5.491762e-07	-1.938591e-08	 3.101746e-08	 1.939561e-04	 3.877183e-09	 3.877183e-07	 0.001654972	0.01000020	1.0229815
"C"	-1.05	4	 0.08550031	 0.08539281	1.769739e-05	 9.962431e-06	-1.593989e-05	 9.846706e-04	-1.992486e-06	-1.992486e-04	 0.009394923	0.01195965	1.0249189
"C"	-0.05	5	 0.87532513	 0.87506553	1.547898e-03	-1.029204e-06	 1.646727e-06	 1.029719e-02	 2.058409e-07	 2.058409e-05	 0.087948283	0.01000020	1.0131018
"C"	 1.95	5	 0.74049592	 0.74007184	2.019051e-03	-1.757236e-04	 2.811577e-04	 9.131506e-03	 3.514471e-05	 3.514471e-03	 0.100417596	0.01807794	1.0242615
"C"	-0.05	3	-0.84235018	-0.84203988	1.433471e-03	 9.904326e-07	-1.584692e-06	-9.909278e-03	-1.980865e-07	-1.980865e-05	-0.084629046	0.01000020	1.0138298
"C"	 1.95	4	-0.12186710	-0.12171503	5.468583e-05	 2.891970e-05	-4.627152e-05	-1.502817e-03	-5.783940e-06	-5.783940e-04	-0.016515059	0.01807794	1.0312066
"C"	-1.05	3	-0.77418853	-0.77379522	1.451000e-03	-9.020786e-05	 1.443326e-04	-8.915999e-03	 1.804157e-05	 1.804157e-03	-0.085133005	0.01195965	1.0172606
"C"	-2.05	3	-0.70732801	-0.70687990	1.825631e-03	-1.661689e-04	 2.658703e-04	-7.986964e-03	 3.323379e-05	 3.323379e-03	-0.095480858	0.01791798	1.0247182
"C"	-2.05	5	 1.01725756	 1.01730250	3.776011e-03	 2.389791e-04	-3.823665e-04	 1.148661e-02	-4.779582e-05	-4.779582e-03	 0.137410776	0.01791798	1.0177951
"C"	-1.05	3	-0.77418853	-0.77379522	1.451000e-03	-9.020786e-05	 1.443326e-04	-8.915999e-03	 1.804157e-05	 1.804157e-03	-0.085133005	0.01195965	1.0172606
"C"	-1.05	4	 0.08550031	 0.08539281	1.769739e-05	 9.962431e-06	-1.593989e-05	 9.846706e-04	-1.992486e-06	-1.992486e-04	 0.009394923	0.01195965	1.0249189
"C"	-0.05	3	-0.84235018	-0.84203988	1.433471e-03	 9.904326e-07	-1.584692e-06	-9.909278e-03	-1.980865e-07	-1.980865e-05	-0.084629046	0.01000020	1.0138298
"C"	 0.95	3	-0.91221845	-0.91202420	2.028156e-03	 1.084427e-04	-1.735083e-04	-1.097848e-02	-2.168854e-05	-2.168854e-03	-0.100679987	0.01203963	1.0143443
"C"	-2.05	4	 0.15496478	 0.15477320	8.762688e-05	 3.640508e-05	-5.824813e-05	 1.749822e-03	-7.281016e-06	-7.281016e-04	 0.020905783	0.01791798	1.0309191
"C"	-0.05	4	 0.01648747	 0.01646659	5.491762e-07	-1.938591e-08	 3.101746e-08	 1.939561e-04	 3.877183e-09	 3.877183e-07	 0.001654972	0.01000020	1.0229815
"C"	-1.05	3	-0.77418853	-0.77379522	1.451000e-03	-9.020786e-05	 1.443326e-04	-8.915999e-03	 1.804157e-05	 1.804157e-03	-0.085133005	0.01195965	1.0172606
"C"	 0.95	3	-0.91221845	-0.91202420	2.028156e-03	 1.084427e-04	-1.735083e-04	-1.097848e-02	-2.168854e-05	-2.168854e-03	-0.100679987	0.01203963	1.0143443
"C"	-0.05	3	-0.84235018	-0.84203988	1.433471e-03	 9.904326e-07	-1.584692e-06	-9.909278e-03	-1.980865e-07	-1.980865e-05	-0.084629046	0.01000020	1.0138298
"C"	 0.95	4	-0.05249481	-0.05242851	6.716397e-06	 6.240477e-06	-9.984763e-06	-6.317711e-04	-1.248095e-06	-1.248095e-04	-0.005787677	0.01203963	1.0250610
"C"	-1.05	6	 1.80487800	 1.81007122	7.886232e-03	 2.103030e-04	-3.364848e-04	 2.078601e-02	-4.206060e-05	-4.206060e-03	 0.199144163	0.01195965	0.9834385
"C"	-1.05	4	 0.08550031	 0.08539281	1.769739e-05	 9.962431e-06	-1.593989e-05	 9.846706e-04	-1.992486e-06	-1.992486e-04	 0.009394923	0.01195965	1.0249189
"C"	-0.05	6	 1.73416278	 1.73859727	6.075518e-03	-2.039023e-06	 3.262437e-06	 2.040042e-02	 4.078046e-07	 4.078046e-05	 0.174737365	0.01000020	0.9846311
"C"	-0.05	4	 0.01648747	 0.01646659	5.491762e-07	-1.938591e-08	 3.101746e-08	 1.939561e-04	 3.877183e-09	 3.877183e-07	 0.001654972	0.01000020	1.0229815
"C"	 0.95	3	-0.91221845	-0.91202420	2.028156e-03	 1.084427e-04	-1.735083e-04	-1.097848e-02	-2.168854e-05	-2.168854e-03	-0.100679987	0.01203963	1.0143443
"C"	-1.05	4	 0.08550031	 0.08539281	1.769739e-05	 9.962431e-06	-1.593989e-05	 9.846706e-04	-1.992486e-06	-1.992486e-04	 0.009394923	0.01195965	1.0249189
"C"	 0.95	5	 0.80722883	 0.80687218	1.588170e-03	-9.596173e-05	 1.535388e-04	 9.714937e-03	 1.919235e-05	 1.919235e-03	 0.089072067	0.01203963	1.0166692
"C"	 0.95	5	 0.80722883	 0.80687218	1.588170e-03	-9.596173e-05	 1.535388e-04	 9.714937e-03	 1.919235e-05	 1.919235e-03	 0.089072067	0.01203963	1.0166692
"C"	-0.05	4	 0.01648747	 0.01646659	5.491762e-07	-1.938591e-08	 3.101746e-08	 1.939561e-04	 3.877183e-09	 3.877183e-07	 0.001654972	0.01000020	1.0229815
"C"	 0.95	3	-0.91221845	-0.91202420	2.028156e-03	 1.084427e-04	-1.735083e-04	-1.097848e-02	-2.168854e-05	-2.168854e-03	-0.100679987	0.01203963	1.0143443
"C"	 0.95	3	-0.91221845	-0.91202420	2.028156e-03	 1.084427e-04	-1.735083e-04	-1.097848e-02	-2.168854e-05	-2.168854e-03	-0.100679987	0.01203963	1.0143443
"C"	-0.05	3	-0.84235018	-0.84203988	1.433471e-03	 9.904326e-07	-1.584692e-06	-9.909278e-03	-1.980865e-07	-1.980865e-05	-0.084629046	0.01000020	1.0138298
"C"	 0.95	4	-0.05249481	-0.05242851	6.716397e-06	 6.240477e-06	-9.984763e-06	-6.317711e-04	-1.248095e-06	-1.248095e-04	-0.005787677	0.01203963	1.0250610
"C"	 0.95	3	-0.91221845	-0.91202420	2.028156e-03	 1.084427e-04	-1.735083e-04	-1.097848e-02	-2.168854e-05	-2.168854e-03	-0.100679987	0.01203963	1.0143443
"C"	-1.05	7	 2.66456684	 2.68543592	1.718807e-02	 3.104733e-04	-4.967573e-04	 3.068668e-02	-6.209466e-05	-6.209466e-03	 0.295451849	0.01195965	0.9361460
"C"	-1.05	3	-0.77418853	-0.77379522	1.451000e-03	-9.020786e-05	 1.443326e-04	-8.915999e-03	 1.804157e-05	 1.804157e-03	-0.085133005	0.01195965	1.0172606
"C"	-0.05	6	 1.73416278	 1.73859727	6.075518e-03	-2.039023e-06	 3.262437e-06	 2.040042e-02	 4.078046e-07	 4.078046e-05	 0.174737365	0.01000020	0.9846311
"C"	-1.05	4	 0.08550031	 0.08539281	1.769739e-05	 9.962431e-06	-1.593989e-05	 9.846706e-04	-1.992486e-06	-1.992486e-04	 0.009394923	0.01195965	1.0249189
"C"	-2.05	6	 1.87955034	 1.88562068	1.289078e-02	 4.415531e-04	-7.064850e-04	 2.122339e-02	-8.831062e-05	-8.831062e-03	 0.254697694	0.01791798	0.9859356
"C"	-1.05	5	 0.94518916	 0.94506130	2.162775e-03	 1.101327e-04	-1.762124e-04	 1.088534e-02	-2.202654e-05	-2.202654e-03	 0.103975710	0.01195965	1.0134745
"C"	 2.95	3	-1.05886700	-1.05902990	6.486913e-03	 3.782250e-04	-6.051601e-04	-1.340123e-02	-7.564501e-05	-7.564501e-03	-0.180123692	0.02811513	1.0273469
"C"	 0.95	3	-0.91221845	-0.91202420	2.028156e-03	 1.084427e-04	-1.735083e-04	-1.097848e-02	-2.168854e-05	-2.168854e-03	-0.100679987	0.01203963	1.0143443
"C"	-1.05	6	 1.80487800	 1.81007122	7.886232e-03	 2.103030e-04	-3.364848e-04	 2.078601e-02	-4.206060e-05	-4.206060e-03	 0.199144163	0.01195965	0.9834385
"C"	-1.05	3	-0.77418853	-0.77379522	1.451000e-03	-9.020786e-05	 1.443326e-04	-8.915999e-03	 1.804157e-05	 1.804157e-03	-0.085133005	0.01195965	1.0172606
"C"	-1.05	4	 0.08550031	 0.08539281	1.769739e-05	 9.962431e-06	-1.593989e-05	 9.846706e-04	-1.992486e-06	-1.992486e-04	 0.009394923	0.01195965	1.0249189
"C"	-1.05	4	 0.08550031	 0.08539281	1.769739e-05	 9.962431e-06	-1.593989e-05	 9.846706e-04	-1.992486e-06	-1.992486e-04	 0.009394923	0.01195965	1.0249189
"C"	-1.05	3	-0.77418853	-0.77379522	1.451000e-03	-9.020786e-05	 1.443326e-04	-8.915999e-03	 1.804157e-05	 1.804157e-03	-0.085133005	0.01195965	1.0172606
"C"	 1.95	3	-0.98423011	-0.98419103	3.566935e-03	 2.335630e-04	-3.737007e-04	-1.213714e-02	-4.671259e-05	-4.671259e-03	-0.133541221	0.01807794	1.0188152
"D"	-2.05	7	 2.57737580	 2.59603302	2.536433e-02	 6.361805e-04	-1.017889e-03	-1.399597e-03	 3.032055e-02	-1.272361e-02	 0.358698199	0.01873375	0.9481749
"D"	 0.95	4	-0.21749736	-0.21723488	1.115757e-04	 2.329116e-05	-3.726585e-05	-5.124054e-05	-2.564843e-03	-4.658231e-04	-0.023590943	0.01165574	1.0240851
"D"	-2.05	6	 1.71472465	 1.71896245	1.122682e-02	 4.232501e-04	-6.772001e-04	-9.311501e-04	 2.017222e-02	-8.465001e-03	 0.237511900	0.01873375	0.9942444
"D"	-0.05	6	 1.56930075	 1.57222186	4.983300e-03	 1.660674e-05	-2.657079e-05	-3.653483e-05	 1.845378e-02	-3.321348e-04	 0.158143439	0.01001620	0.9915062
"D"	-1.05	5	 0.78031528	 0.77992827	1.525957e-03	 1.001268e-04	-1.602029e-04	-2.202790e-04	 9.168495e-03	-2.002537e-03	 0.087305325	0.01237553	1.0175661
"D"	 0.95	6	 1.50161595	 1.50401293	5.318378e-03	-1.608037e-04	 2.572859e-04	 3.537680e-04	 1.770784e-02	 3.216073e-03	 0.163330505	0.01165574	0.9957832
"D"	-1.05	4	-0.07955455	-0.07945442	1.586106e-05	-1.020811e-05	 1.633298e-05	 2.245784e-05	-9.347446e-04	 2.041622e-04	-0.008894144	0.01237553	1.0253632
"D"	 0.95	1	-2.79616733	-2.82068116	1.844114e-02	 2.994334e-04	-4.790934e-04	-6.587534e-04	-3.297387e-02	-5.988668e-03	-0.306316036	0.01165574	0.9272212
"D"	-1.05	5	 0.78031528	 0.77992827	1.525957e-03	 1.001268e-04	-1.602029e-04	-2.202790e-04	 9.168495e-03	-2.002537e-03	 0.087305325	0.01237553	1.0175661
"D"	-2.05	2	-1.73587991	-1.74033202	1.150555e-02	-4.284719e-04	 6.855550e-04	 9.426381e-04	-2.042109e-02	 8.569437e-03	-0.240464568	0.01873375	0.9933191
"D"	-1.05	5	 0.78031528	 0.77992827	1.525957e-03	 1.001268e-04	-1.602029e-04	-2.202790e-04	 9.168495e-03	-2.002537e-03	 0.087305325	0.01237553	1.0175661
"D"	 0.95	4	-0.21749736	-0.21723488	1.115757e-04	 2.329116e-05	-3.726585e-05	-5.124054e-05	-2.564843e-03	-4.658231e-04	-0.023590943	0.01165574	1.0240851
"D"	-0.05	5	 0.71045615	 0.71001006	1.021361e-03	 7.518229e-06	-1.202917e-05	-1.654010e-05	 8.354423e-03	-1.503646e-04	 0.071417041	0.01001620	1.0164820
"D"	 0.95	4	-0.21749736	-0.21723488	1.115757e-04	 2.329116e-05	-3.726585e-05	-5.124054e-05	-2.564843e-03	-4.658231e-04	-0.023590943	0.01165574	1.0240851
"D"	-0.05	6	 1.56930075	 1.57222186	4.983300e-03	 1.660674e-05	-2.657079e-05	-3.653483e-05	 1.845378e-02	-3.321348e-04	 0.158143439	0.01001620	0.9915062
"D"	-1.05	5	 0.78031528	 0.77992827	1.525957e-03	 1.001268e-04	-1.602029e-04	-2.202790e-04	 9.168495e-03	-2.002537e-03	 0.087305325	0.01237553	1.0175661
"D"	 0.95	3	-1.07705402	-1.07727284	2.736128e-03	 1.153386e-04	-1.845417e-04	-2.537448e-04	-1.270118e-02	-2.306771e-03	-0.116988035	0.01165574	1.0097399
"D"	-0.05	5	 0.71045615	 0.71001006	1.021361e-03	 7.518229e-06	-1.202917e-05	-1.654010e-05	 8.354423e-03	-1.503646e-04	 0.071417041	0.01001620	1.0164820
"D"	-0.05	4	-0.14838844	-0.14820462	4.455586e-05	-1.570284e-06	 2.512455e-06	 3.454626e-06	-1.744935e-03	 3.140569e-05	-0.014907303	0.01001620	1.0227164
"D"	 0.95	4	-0.21749736	-0.21723488	1.115757e-04	 2.329116e-05	-3.726585e-05	-5.124054e-05	-2.564843e-03	-4.658231e-04	-0.023590943	0.01165574	1.0240851
"D"	 0.95	3	-1.07705402	-1.07727284	2.736128e-03	 1.153386e-04	-1.845417e-04	-2.537448e-04	-1.270118e-02	-2.306771e-03	-0.116988035	0.01165574	1.0097399
"D"	 2.95	3	-1.22452571	-1.22530260	8.300080e-03	 4.226092e-04	-6.761747e-04	-9.297403e-04	-1.461124e-02	-8.452184e-03	-0.203845712	0.02693146	1.0211795
"D"	-0.05	5	 0.71045615	 0.71001006	1.021361e-03	 7.518229e-06	-1.202917e-05	-1.654010e-05	 8.354423e-03	-1.503646e-04	 0.071417041	0.01001620	1.0164820
"D"	-0.05	4	-0.14838844	-0.14820462	4.455586e-05	-1.570284e-06	 2.512455e-06	 3.454626e-06	-1.744935e-03	 3.140569e-05	-0.014907303	0.01001620	1.0227164
"D"	-0.05	3	-1.00723303	-1.00725159	2.052885e-03	-1.065880e-05	 1.705408e-05	 2.344935e-05	-1.184429e-02	 2.131759e-04	-0.101315365	0.01001620	1.0099314
"D"	 1.95	7	 2.29875319	 2.31135411	1.859904e-02	-5.181598e-04	 8.290557e-04	 1.139952e-03	 2.724001e-02	 1.036320e-02	 0.306622785	0.01729416	0.9634630
"D"	-0.05	6	 1.56930075	 1.57222186	4.983300e-03	 1.660674e-05	-2.657079e-05	-3.653483e-05	 1.845378e-02	-3.321348e-04	 0.158143439	0.01001620	0.9915062
"D"	-1.05	3	-0.93942438	-0.93928435	2.211698e-03	-1.205431e-04	 1.928689e-04	 2.651947e-04	-1.103798e-02	 2.410861e-03	-0.105143676	0.01237553	1.0140411
"D"	-1.05	4	-0.07955455	-0.07945442	1.586106e-05	-1.020811e-05	 1.633298e-05	 2.245784e-05	-9.347446e-04	 2.041622e-04	-0.008894144	0.01237553	1.0253632
"D"	 2.95	6	 1.37430608	 1.37585866	1.045474e-02	-4.743015e-04	 7.588824e-04	 1.043463e-03	 1.639845e-02	 9.486031e-03	 0.228892756	0.02693146	1.0161387
"D"	-1.05	4	-0.07955455	-0.07945442	1.586106e-05	-1.020811e-05	 1.633298e-05	 2.245784e-05	-9.347446e-04	 2.041622e-04	-0.008894144	0.01237553	1.0253632
"D"	-0.05	3	-1.00723303	-1.00725159	2.052885e-03	-1.065880e-05	 1.705408e-05	 2.344935e-05	-1.184429e-02	 2.131759e-04	-0.101315365	0.01001620	1.0099314
"D"	-1.05	3	-0.93942438	-0.93928435	2.211698e-03	-1.205431e-04	 1.928689e-04	 2.651947e-04	-1.103798e-02	 2.410861e-03	-0.105143676	0.01237553	1.0140411
"D"	-0.05	3	-1.00723303	-1.00725159	2.052885e-03	-1.065880e-05	 1.705408e-05	 2.344935e-05	-1.184429e-02	 2.131759e-04	-0.101315365	0.01001620	1.0099314
"D"	-2.05	3	-0.87322877	-0.87296573	2.911549e-03	-2.155414e-04	 3.448662e-04	 4.741911e-04	-1.027276e-02	 4.310828e-03	-0.120619126	0.01873375	1.0221662
"D"	 0.95	4	-0.21749736	-0.21723488	1.115757e-04	 2.329116e-05	-3.726585e-05	-5.124054e-05	-2.564843e-03	-4.658231e-04	-0.023590943	0.01165574	1.0240851
"D"	-2.05	4	-0.01057763	-0.01056423	4.272130e-07	-2.610904e-06	 4.177446e-06	 5.743989e-06	-1.244364e-04	 5.221808e-05	-0.001459677	0.01873375	1.0320884
"D"	-1.05	4	-0.07955455	-0.07945442	1.586106e-05	-1.020811e-05	 1.633298e-05	 2.245784e-05	-9.347446e-04	 2.041622e-04	-0.008894144	0.01237553	1.0253632
"D"	-0.05	4	-0.14838844	-0.14820462	4.455586e-05	-1.570284e-06	 2.512455e-06	 3.454626e-06	-1.744935e-03	 3.140569e-05	-0.014907303	0.01001620	1.0227164
"D"	-2.05	3	-0.87322877	-0.87296573	2.911549e-03	-2.155414e-04	 3.448662e-04	 4.741911e-04	-1.027276e-02	 4.310828e-03	-0.120619126	0.01873375	1.0221662
"D"	-1.05	2	-1.79929421	-1.80442502	8.113467e-03	-2.308780e-04	 3.694048e-04	 5.079316e-04	-2.114122e-02	 4.617560e-03	-0.201987693	0.01237553	0.9841053
"D"	 2.95	3	-1.22452571	-1.22530260	8.300080e-03	 4.226092e-04	-6.761747e-04	-9.297403e-04	-1.461124e-02	-8.452184e-03	-0.203845712	0.02693146	1.0211795
"D"	-1.05	5	 0.78031528	 0.77992827	1.525957e-03	 1.001268e-04	-1.602029e-04	-2.202790e-04	 9.168495e-03	-2.002537e-03	 0.087305325	0.01237553	1.0175661
"D"	-1.05	2	-1.79929421	-1.80442502	8.113467e-03	-2.308780e-04	 3.694048e-04	 5.079316e-04	-2.114122e-02	 4.617560e-03	-0.201987693	0.01237553	0.9841053
"D"	 0.95	6	 1.50161595	 1.50401293	5.318378e-03	-1.608037e-04	 2.572859e-04	 3.537680e-04	 1.770784e-02	 3.216073e-03	 0.163330505	0.01165574	0.9957832
"D"	 0.95	3	-1.07705402	-1.07727284	2.736128e-03	 1.153386e-04	-1.845417e-04	-2.537448e-04	-1.270118e-02	-2.306771e-03	-0.116988035	0.01165574	1.0097399
"D"	-0.05	4	-0.14838844	-0.14820462	4.455586e-05	-1.570284e-06	 2.512455e-06	 3.454626e-06	-1.744935e-03	 3.140569e-05	-0.014907303	0.01001620	1.0227164
"D"	-1.05	4	-0.07955455	-0.07945442	1.586106e-05	-1.020811e-05	 1.633298e-05	 2.245784e-05	-9.347446e-04	 2.041622e-04	-0.008894144	0.01237553	1.0253632
"D"	 0.95	6	 1.50161595	 1.50401293	5.318378e-03	-1.608037e-04	 2.572859e-04	 3.537680e-04	 1.770784e-02	 3.216073e-03	 0.163330505	0.01165574	0.9957832
"D"	-0.05	5	 0.71045615	 0.71001006	1.021361e-03	 7.518229e-06	-1.202917e-05	-1.654010e-05	 8.354423e-03	-1.503646e-04	 0.071417041	0.01001620	1.0164820
"D"	 0.95	4	-0.21749736	-0.21723488	1.115757e-04	 2.329116e-05	-3.726585e-05	-5.124054e-05	-2.564843e-03	-4.658231e-04	-0.023590943	0.01165574	1.0240851
"D"	-0.05	3	-1.00723303	-1.00725159	2.052885e-03	-1.065880e-05	 1.705408e-05	 2.344935e-05	-1.184429e-02	 2.131759e-04	-0.101315365	0.01001620	1.0099314
"D"	-1.05	3	-0.93942438	-0.93928435	2.211698e-03	-1.205431e-04	 1.928689e-04	 2.651947e-04	-1.103798e-02	 2.410861e-03	-0.105143676	0.01237553	1.0140411
"D"	-1.05	5	 0.78031528	 0.77992827	1.525957e-03	 1.001268e-04	-1.602029e-04	-2.202790e-04	 9.168495e-03	-2.002537e-03	 0.087305325	0.01237553	1.0175661
"D"	 1.95	4	-0.28730395	-0.28697003	2.905287e-04	 6.476091e-05	-1.036175e-04	-1.424740e-04	-3.404525e-03	-1.295218e-03	-0.038069264	0.01729416	1.0295016
"D"	-0.05	3	-1.00723303	-1.00725159	2.052885e-03	-1.065880e-05	 1.705408e-05	 2.344935e-05	-1.184429e-02	 2.131759e-04	-0.101315365	0.01001620	1.0099314
"D"	-0.05	6	 1.56930075	 1.57222186	4.983300e-03	 1.660674e-05	-2.657079e-05	-3.653483e-05	 1.845378e-02	-3.321348e-04	 0.158143439	0.01001620	0.9915062
"D"	-2.05	2	-1.73587991	-1.74033202	1.150555e-02	-4.284719e-04	 6.855550e-04	 9.426381e-04	-2.042109e-02	 8.569437e-03	-0.240464568	0.01873375	0.9933191
"D"	-0.05	6	 1.56930075	 1.57222186	4.983300e-03	 1.660674e-05	-2.657079e-05	-3.653483e-05	 1.845378e-02	-3.321348e-04	 0.158143439	0.01001620	0.9915062
"D"	 0.95	6	 1.50161595	 1.50401293	5.318378e-03	-1.608037e-04	 2.572859e-04	 3.537680e-04	 1.770784e-02	 3.216073e-03	 0.163330505	0.01165574	0.9957832
"D"	 0.95	6	 1.50161595	 1.50401293	5.318378e-03	-1.608037e-04	 2.572859e-04	 3.537680e-04	 1.770784e-02	 3.216073e-03	 0.163330505	0.01165574	0.9957832
"D"	-0.05	4	-0.14838844	-0.14820462	4.455586e-05	-1.570284e-06	 2.512455e-06	 3.454626e-06	-1.744935e-03	 3.140569e-05	-0.014907303	0.01001620	1.0227164
"D"	-0.05	3	-1.00723303	-1.00725159	2.052885e-03	-1.065880e-05	 1.705408e-05	 2.344935e-05	-1.184429e-02	 2.131759e-04	-0.101315365	0.01001620	1.0099314
"D"	-0.05	4	-0.14838844	-0.14820462	4.455586e-05	-1.570284e-06	 2.512455e-06	 3.454626e-06	-1.744935e-03	 3.140569e-05	-0.014907303	0.01001620	1.0227164
"D"	-1.05	4	-0.07955455	-0.07945442	1.586106e-05	-1.020811e-05	 1.633298e-05	 2.245784e-05	-9.347446e-04	 2.041622e-04	-0.008894144	0.01237553	1.0253632
"D"	-0.05	6	 1.56930075	 1.57222186	4.983300e-03	 1.660674e-05	-2.657079e-05	-3.653483e-05	 1.845378e-02	-3.321348e-04	 0.158143439	0.01001620	0.9915062
"D"	-0.05	5	 0.71045615	 0.71001006	1.021361e-03	 7.518229e-06	-1.202917e-05	-1.654010e-05	 8.354423e-03	-1.503646e-04	 0.071417041	0.01001620	1.0164820
"D"	-0.05	3	-1.00723303	-1.00725159	2.052885e-03	-1.065880e-05	 1.705408e-05	 2.344935e-05	-1.184429e-02	 2.131759e-04	-0.101315365	0.01001620	1.0099314
"D"	-1.05	5	 0.78031528	 0.77992827	1.525957e-03	 1.001268e-04	-1.602029e-04	-2.202790e-04	 9.168495e-03	-2.002537e-03	 0.087305325	0.01237553	1.0175661
"D"	-0.05	6	 1.56930075	 1.57222186	4.983300e-03	 1.660674e-05	-2.657079e-05	-3.653483e-05	 1.845378e-02	-3.321348e-04	 0.158143439	0.01001620	0.9915062
"D"	 2.95	5	 0.50802881	 0.50755118	1.428641e-03	-1.753313e-04	 2.805300e-04	 3.857288e-04	 6.061883e-03	 3.506626e-03	 0.084438025	0.02693146	1.0373890
"D"	 0.95	3	-1.07705402	-1.07727284	2.736128e-03	 1.153386e-04	-1.845417e-04	-2.537448e-04	-1.270118e-02	-2.306771e-03	-0.116988035	0.01165574	1.0097399
"D"	-0.05	3	-1.00723303	-1.00725159	2.052885e-03	-1.065880e-05	 1.705408e-05	 2.344935e-05	-1.184429e-02	 2.131759e-04	-0.101315365	0.01001620	1.0099314
"D"	-0.05	2	-1.86607763	-1.87198380	7.046348e-03	-1.974731e-05	 3.159570e-05	 4.344408e-05	-2.194365e-02	 3.949462e-04	-0.188295281	0.01001620	0.9786967
"D"	-0.05	4	-0.14838844	-0.14820462	4.455586e-05	-1.570284e-06	 2.512455e-06	 3.454626e-06	-1.744935e-03	 3.140569e-05	-0.014907303	0.01001620	1.0227164
"D"	 1.95	4	-0.28730395	-0.28697003	2.905287e-04	 6.476091e-05	-1.036175e-04	-1.424740e-04	-3.404525e-03	-1.295218e-03	-0.038069264	0.01729416	1.0295016
"D"	 0.95	5	 0.64205930	 0.64158093	9.723257e-04	-6.875625e-05	 1.100100e-04	 1.512638e-04	 7.571499e-03	 1.375125e-03	 0.069673428	0.01165574	1.0193626
"D"	 1.95	5	 0.57471510	 0.57422728	1.162549e-03	-1.295460e-04	 2.072736e-04	 2.850012e-04	 6.810321e-03	 2.590920e-03	 0.076176631	0.01729416	1.0262763
"D"	 1.95	4	-0.28730395	-0.28697003	2.905287e-04	 6.476091e-05	-1.036175e-04	-1.424740e-04	-3.404525e-03	-1.295218e-03	-0.038069264	0.01729416	1.0295016
"D"	-0.05	4	-0.14838844	-0.14820462	4.455586e-05	-1.570284e-06	 2.512455e-06	 3.454626e-06	-1.744935e-03	 3.140569e-05	-0.014907303	0.01001620	1.0227164
"D"	 0.95	7	 2.36117261	 2.37500216	1.314973e-02	-2.528511e-04	 4.045617e-04	 5.562723e-04	 2.784418e-02	 5.057021e-03	 0.257916867	0.01165574	0.9543969
"D"	 0.95	4	-0.21749736	-0.21723488	1.115757e-04	 2.329116e-05	-3.726585e-05	-5.124054e-05	-2.564843e-03	-4.658231e-04	-0.023590943	0.01165574	1.0240851
"D"	-1.05	4	-0.07955455	-0.07945442	1.586106e-05	-1.020811e-05	 1.633298e-05	 2.245784e-05	-9.347446e-04	 2.041622e-04	-0.008894144	0.01237553	1.0253632
"D"	 2.95	4	-0.35824845	-0.35785282	7.104198e-04	 1.236390e-04	-1.978223e-04	-2.720057e-04	-4.274679e-03	-2.472779e-03	-0.059533672	0.02693146	1.0390950
"D"	-0.05	5	 0.71045615	 0.71001006	1.021361e-03	 7.518229e-06	-1.202917e-05	-1.654010e-05	 8.354423e-03	-1.503646e-04	 0.071417041	0.01001620	1.0164820
"D"	 1.95	5	 0.57471510	 0.57422728	1.162549e-03	-1.295460e-04	 2.072736e-04	 2.850012e-04	 6.810321e-03	 2.590920e-03	 0.076176631	0.01729416	1.0262763
"D"	-1.05	3	-0.93942438	-0.93928435	2.211698e-03	-1.205431e-04	 1.928689e-04	 2.651947e-04	-1.103798e-02	 2.410861e-03	-0.105143676	0.01237553	1.0140411
"D"	-0.05	2	-1.86607763	-1.87198380	7.046348e-03	-1.974731e-05	 3.159570e-05	 4.344408e-05	-2.194365e-02	 3.949462e-04	-0.188295281	0.01001620	0.9786967
"D"	 0.95	4	-0.21749736	-0.21723488	1.115757e-04	 2.329116e-05	-3.726585e-05	-5.124054e-05	-2.564843e-03	-4.658231e-04	-0.023590943	0.01165574	1.0240851
"D"	-1.05	5	 0.78031528	 0.77992827	1.525957e-03	 1.001268e-04	-1.602029e-04	-2.202790e-04	 9.168495e-03	-2.002537e-03	 0.087305325	0.01237553	1.0175661
"D"	-0.05	4	-0.14838844	-0.14820462	4.455586e-05	-1.570284e-06	 2.512455e-06	 3.454626e-06	-1.744935e-03	 3.140569e-05	-0.014907303	0.01001620	1.0227164
"D"	 0.95	5	 0.64205930	 0.64158093	9.723257e-04	-6.875625e-05	 1.100100e-04	 1.512638e-04	 7.571499e-03	 1.375125e-03	 0.069673428	0.01165574	1.0193626
"D"	-1.05	3	-0.93942438	-0.93928435	2.211698e-03	-1.205431e-04	 1.928689e-04	 2.651947e-04	-1.103798e-02	 2.410861e-03	-0.105143676	0.01237553	1.0140411
"D"	-0.05	6	 1.56930075	 1.57222186	4.983300e-03	 1.660674e-05	-2.657079e-05	-3.653483e-05	 1.845378e-02	-3.321348e-04	 0.158143439	0.01001620	0.9915062
"D"	-1.05	3	-0.93942438	-0.93928435	2.211698e-03	-1.205431e-04	 1.928689e-04	 2.651947e-04	-1.103798e-02	 2.410861e-03	-0.105143676	0.01237553	1.0140411
"D"	-0.05	4	-0.14838844	-0.14820462	4.455586e-05	-1.570284e-06	 2.512455e-06	 3.454626e-06	-1.744935e-03	 3.140569e-05	-0.014907303	0.01001620	1.0227164
"D"	 0.95	3	-1.07705402	-1.07727284	2.736128e-03	 1.153386e-04	-1.845417e-04	-2.537448e-04	-1.270118e-02	-2.306771e-03	-0.116988035	0.01165574	1.0097399
"D"	-1.05	3	-0.93942438	-0.93928435	2.211698e-03	-1.205431e-04	 1.928689e-04	 2.651947e-04	-1.103798e-02	 2.410861e-03	-0.105143676	0.01237553	1.0140411
"D"	-1.05	3	-0.93942438	-0.93928435	2.211698e-03	-1.205431e-04	 1.928689e-04	 2.651947e-04	-1.103798e-02	 2.410861e-03	-0.105143676	0.01237553	1.0140411
"D"	-1.05	4	-0.07955455	-0.07945442	1.586106e-05	-1.020811e-05	 1.633298e-05	 2.245784e-05	-9.347446e-04	 2.041622e-04	-0.008894144	0.01237553	1.0253632
